Type		Date    Hour	min_ask	  max_ask	avg_ask      min_bid	max_bid    avg_bid	direction(label)
EUR/USD		20150101 21	1.21039	  1.21101       1.21063      1.20989	1.21024	   1.21009	   1
EUR/USD		20150101 22	1.21006	  1.21113       1.21037      1.20988	1.2107	   1.21021	   1
EUR/USD		20150102 23	1.20795	  1.21031       1.20886      1.2077	1.2102	   1.20867	   -1
EUR/USD		20150102 0	1.20675	  1.20899       1.20773      1.20667	1.20887	   1.20764	   -1
EUR/USD		20150102 1	1.20522	  1.20731       1.20623      1.20515	1.20723	   1.20614	   -1
EUR/USD		20150102 2	1.20485	  1.20692       1.20598      1.20469	1.20685	   1.20590	   -1
EUR/USD		20150102 3	1.20554	  1.20633       1.20594      1.20546	1.20625	   1.20586	   -1
EUR/USD		20150102 4	1.20498	  1.20606       1.20553      1.20488	1.20596	   1.20545	   -1
EUR/USD		20150102 5	1.20466	  1.2056       1.20526      1.2046	1.20555	   1.20518	   -1
EUR/USD		20150102 6	1.20491	  1.20582       1.20543      1.20484	1.20575	   1.20535	   1
EUR/USD		20150102 7	1.20355	  1.20588       1.20455      1.20342	1.2058	   1.20447	   -1
EUR/USD		20150102 8	1.20456	  1.20702       1.20575      1.20449	1.20693	   1.20568	   1
EUR/USD		20150102 9	1.2039	  1.20613       1.20492      1.20388	1.20604	   1.20485	   -1
EUR/USD		20150102 10	1.2043	  1.20585       1.20492      1.20422	1.20579	   1.20484	   -1
EUR/USD		20150102 11	1.20452	  1.20587       1.20521      1.20448	1.20581	   1.20515	   1
EUR/USD		20150102 12	1.20357	  1.20554       1.20442      1.20351	1.20547	   1.20436	   -1
EUR/USD		20150102 13	1.20258	  1.20447       1.20342      1.20252	1.20444	   1.20336	   -1
EUR/USD		20150102 14	1.2009	  1.2034       1.20227      1.20085	1.20336	   1.20221	   -1
EUR/USD		20150102 15	1.20125	  1.20326       1.20233      1.20119	1.20321	   1.20226	   1
EUR/USD		20150102 16	1.20081	  1.20325       1.20224      1.20074	1.2032	   1.20218	   -1
EUR/USD		20150102 17	1.20043	  1.20166       1.20097      1.20036	1.20159	   1.20090	   -1
EUR/USD		20150102 18	1.20085	  1.2016       1.20128      1.2008	1.20153	   1.20122	   1
EUR/USD		20150102 19	1.2005	  1.20125       1.20083      1.20043	1.2012	   1.20076	   -1
EUR/USD		20150102 20	1.2002	  1.20093       1.20044      1.20015	1.20086	   1.20039	   -1
EUR/USD		20150102 21	1.2001	  1.20064       1.20033      1.2	1.2006	   1.20026	   -1
EUR/USD		20150105 22	1.20072	  1.20995       1.20450      1.19058	1.19973	   1.19598	   -1
EUR/USD		20150105 0	1.19475	  1.19764       1.19645      1.19465	1.19761	   1.19639	   1
EUR/USD		20150105 1	1.19518	  1.19737       1.19617      1.19513	1.19732	   1.19611	   -1
EUR/USD		20150105 2	1.19551	  1.19657       1.19614      1.19546	1.19652	   1.19610	   -1
EUR/USD		20150105 3	1.19444	  1.19571       1.19501      1.1944	1.19566	   1.19496	   -1
EUR/USD		20150105 4	1.1936	  1.19456       1.19412      1.19355	1.19451	   1.19407	   -1
EUR/USD		20150105 5	1.19263	  1.19452       1.19356      1.19257	1.19448	   1.19351	   -1
EUR/USD		20150105 6	1.19315	  1.1948       1.19388      1.1931	1.19475	   1.19383	   1
EUR/USD		20150105 7	1.19408	  1.19613       1.19524      1.19403	1.19607	   1.19519	   1
EUR/USD		20150105 8	1.19521	  1.19766       1.19651      1.19515	1.19762	   1.19645	   1
EUR/USD		20150105 9	1.19437	  1.19611       1.19523      1.1943	1.19606	   1.19517	   -1
EUR/USD		20150105 10	1.19145	  1.19576       1.19329      1.1914	1.19571	   1.19325	   -1
EUR/USD		20150105 11	1.19004	  1.19256       1.19124      1.19	1.19251	   1.19120	   -1
EUR/USD		20150105 12	1.18875	  1.19199       1.19033      1.18871	1.19194	   1.19029	   -1
EUR/USD		20150105 13	1.18932	  1.1929       1.19166      1.18929	1.19285	   1.19162	   1
EUR/USD		20150105 14	1.19091	  1.19361       1.19234      1.19086	1.19356	   1.19230	   1
EUR/USD		20150105 15	1.19173	  1.19421       1.19296      1.19169	1.19415	   1.19292	   1
EUR/USD		20150105 16	1.19159	  1.19402       1.19293      1.19152	1.19398	   1.19288	   -1
EUR/USD		20150105 17	1.19127	  1.19292       1.19207      1.19123	1.19286	   1.19202	   -1
EUR/USD		20150105 18	1.19152	  1.1935       1.19235      1.19146	1.19346	   1.19229	   1
EUR/USD		20150105 19	1.19331	  1.19406       1.19377      1.19324	1.19401	   1.19372	   1
EUR/USD		20150105 20	1.19375	  1.195       1.19438      1.19368	1.19496	   1.19434	   1
EUR/USD		20150105 21	1.1933	  1.19395       1.19355      1.19321	1.19391	   1.19349	   -1
EUR/USD		20150105 22	1.19275	  1.1937       1.19323      1.19265	1.19357	   1.19314	   -1
EUR/USD		20150106 23	1.19319	  1.19413       1.19359      1.19311	1.19407	   1.19352	   1
EUR/USD		20150106 0	1.19344	  1.19438       1.19384      1.1934	1.19431	   1.19378	   1
EUR/USD		20150106 1	1.19366	  1.19468       1.19416      1.19361	1.19462	   1.19410	   1
EUR/USD		20150106 2	1.19413	  1.19554       1.19484      1.19407	1.19548	   1.19479	   1
EUR/USD		20150106 3	1.1941	  1.195       1.19454      1.19404	1.19496	   1.19448	   -1
EUR/USD		20150106 4	1.1943	  1.1951       1.19459      1.19424	1.19506	   1.19454	   1
EUR/USD		20150106 5	1.19471	  1.19587       1.19546      1.19466	1.19582	   1.19541	   1
EUR/USD		20150106 6	1.19535	  1.19692       1.19613      1.19529	1.19687	   1.19607	   1
EUR/USD		20150106 7	1.19419	  1.19628       1.19548      1.19415	1.19626	   1.19543	   -1
EUR/USD		20150106 8	1.19222	  1.19535       1.19353      1.19218	1.19525	   1.19348	   -1
EUR/USD		20150106 9	1.19054	  1.19472       1.19253      1.19046	1.1946	   1.19247	   -1
EUR/USD		20150106 10	1.18958	  1.19149       1.19039      1.18954	1.19144	   1.19035	   -1
EUR/USD		20150106 11	1.18876	  1.192       1.19008      1.18872	1.19195	   1.19004	   -1
EUR/USD		20150106 12	1.18844	  1.19112       1.18947      1.18837	1.19109	   1.18941	   -1
EUR/USD		20150106 13	1.18957	  1.19169       1.19066      1.18954	1.19164	   1.19062	   1
EUR/USD		20150106 14	1.18878	  1.19095       1.18979      1.18873	1.1909	   1.18975	   -1
EUR/USD		20150106 15	1.19076	  1.19339       1.19170      1.19051	1.19337	   1.19166	   1
EUR/USD		20150106 16	1.19166	  1.19407       1.19277      1.19161	1.19401	   1.19272	   1
EUR/USD		20150106 17	1.19217	  1.19596       1.19413      1.19212	1.19589	   1.19408	   1
EUR/USD		20150106 18	1.19228	  1.19341       1.19287      1.19221	1.19335	   1.19282	   -1
EUR/USD		20150106 19	1.1912	  1.19368       1.19299      1.19116	1.19364	   1.19294	   1
EUR/USD		20150106 20	1.1889	  1.19152       1.19006      1.18884	1.19147	   1.19001	   -1
EUR/USD		20150106 21	1.18874	  1.18997       1.18937      1.18866	1.18992	   1.18931	   -1
EUR/USD		20150106 22	1.18458	  1.18909       1.18681      1.18407	1.18889	   1.18663	   -1
EUR/USD		20150107 23	1.18699	  1.18796       1.18749      1.18694	1.1879	   1.18743	   1
EUR/USD		20150107 0	1.18635	  1.18819       1.18728      1.1863	1.18812	   1.18723	   -1
EUR/USD		20150107 1	1.18684	  1.18809       1.18751      1.18678	1.18804	   1.18746	   1
EUR/USD		20150107 2	1.18698	  1.18795       1.18752      1.18692	1.18792	   1.18747	   1
EUR/USD		20150107 3	1.18671	  1.18784       1.18720      1.18665	1.18779	   1.18715	   -1
EUR/USD		20150107 4	1.18718	  1.18784       1.18756      1.18712	1.18778	   1.18751	   1
EUR/USD		20150107 5	1.18742	  1.18807       1.18777      1.18738	1.188	   1.18771	   1
EUR/USD		20150107 6	1.18551	  1.18805       1.18684      1.18545	1.18799	   1.18678	   -1
EUR/USD		20150107 7	1.18634	  1.18896       1.18788      1.18628	1.18891	   1.18783	   1
EUR/USD		20150107 8	1.18601	  1.18968       1.18769      1.18597	1.18964	   1.18765	   -1
EUR/USD		20150107 9	1.18525	  1.18799       1.18663      1.18518	1.18791	   1.18657	   -1
EUR/USD		20150107 10	1.1842	  1.18766       1.18594      1.18413	1.18761	   1.18587	   -1
EUR/USD		20150107 11	1.18191	  1.18551       1.18363      1.18185	1.18547	   1.18358	   -1
EUR/USD		20150107 12	1.18201	  1.18456       1.18371      1.18196	1.18451	   1.18367	   1
EUR/USD		20150107 13	1.18191	  1.18396       1.18301      1.18187	1.18391	   1.18296	   -1
EUR/USD		20150107 14	1.18087	  1.18313       1.18184      1.18081	1.18309	   1.18180	   -1
EUR/USD		20150107 15	1.18022	  1.18315       1.18180      1.18019	1.18309	   1.18176	   -1
EUR/USD		20150107 16	1.18026	  1.18283       1.18142      1.1802	1.18276	   1.18136	   -1
EUR/USD		20150107 17	1.18178	  1.18356       1.18251      1.18173	1.1835	   1.18247	   1
EUR/USD		20150107 18	1.18265	  1.1838       1.18335      1.18259	1.1837	   1.18329	   1
EUR/USD		20150107 19	1.18091	  1.18594       1.18346      1.18073	1.18589	   1.18337	   1
EUR/USD		20150107 20	1.18316	  1.18507       1.18408      1.18312	1.18503	   1.18404	   1
EUR/USD		20150107 21	1.18336	  1.18422       1.18386      1.18332	1.18415	   1.18381	   -1
EUR/USD		20150107 22	1.1834	  1.1843       1.18371      1.18328	1.18415	   1.18359	   -1
EUR/USD		20150108 23	1.18318	  1.18375       1.18349      1.18302	1.18368	   1.18341	   -1
EUR/USD		20150108 0	1.18321	  1.18478       1.18421      1.18314	1.18472	   1.18416	   1
EUR/USD		20150108 1	1.18258	  1.1841       1.18313      1.18251	1.18404	   1.18308	   -1
EUR/USD		20150108 2	1.18191	  1.18275       1.18241      1.18187	1.1827	   1.18236	   -1
EUR/USD		20150108 3	1.18175	  1.18319       1.18252      1.18172	1.18313	   1.18247	   1
EUR/USD		20150108 4	1.18211	  1.18296       1.18264      1.18204	1.1829	   1.18258	   1
EUR/USD		20150108 5	1.18175	  1.18271       1.18227      1.18169	1.18265	   1.18222	   -1
EUR/USD		20150108 6	1.18182	  1.18245       1.18211      1.18177	1.18239	   1.18205	   -1
EUR/USD		20150108 7	1.1804	  1.18232       1.18127      1.18035	1.18213	   1.18122	   -1
EUR/USD		20150108 8	1.17922	  1.18231       1.18122      1.17917	1.18226	   1.18118	   -1
EUR/USD		20150108 9	1.17806	  1.18081       1.17969      1.17797	1.18079	   1.17965	   -1
EUR/USD		20150108 10	1.17628	  1.17866       1.17725      1.17622	1.17861	   1.17720	   -1
EUR/USD		20150108 11	1.1764	  1.17756       1.17700      1.17636	1.1775	   1.17696	   -1
EUR/USD		20150108 12	1.17545	  1.17796       1.17657      1.17539	1.17791	   1.17652	   -1
EUR/USD		20150108 13	1.1762	  1.17891       1.17744      1.17615	1.17888	   1.17740	   1
EUR/USD		20150108 14	1.17796	  1.17991       1.17874      1.17794	1.17987	   1.17871	   1
EUR/USD		20150108 15	1.17728	  1.17987       1.17887      1.17719	1.17983	   1.17882	   1
EUR/USD		20150108 16	1.17914	  1.18149       1.18024      1.17911	1.18146	   1.18020	   1
EUR/USD		20150108 17	1.18035	  1.18197       1.18117      1.1803	1.18191	   1.18113	   1
EUR/USD		20150108 18	1.17966	  1.18178       1.18050      1.17961	1.18171	   1.18045	   -1
EUR/USD		20150108 19	1.17805	  1.18005       1.17873      1.178	1.17998	   1.17868	   -1
EUR/USD		20150108 20	1.17835	  1.17917       1.17879      1.17831	1.17915	   1.17876	   1
EUR/USD		20150108 21	1.17884	  1.17969       1.17936      1.1788	1.17966	   1.17930	   1
EUR/USD		20150108 22	1.17875	  1.17953       1.17921      1.17861	1.17939	   1.17908	   -1
EUR/USD		20150109 23	1.17873	  1.17948       1.17916      1.17863	1.17939	   1.17907	   -1
EUR/USD		20150109 0	1.17904	  1.17973       1.17937      1.179	1.17969	   1.17932	   1
EUR/USD		20150109 1	1.17954	  1.18114       1.18052      1.17949	1.1811	   1.18047	   1
EUR/USD		20150109 2	1.18002	  1.18093       1.18048      1.17997	1.1809	   1.18044	   -1
EUR/USD		20150109 3	1.18015	  1.18083       1.18045      1.18009	1.18078	   1.18040	   -1
EUR/USD		20150109 4	1.18037	  1.18132       1.18085      1.18031	1.18126	   1.18080	   1
EUR/USD		20150109 5	1.18064	  1.18153       1.18106      1.18056	1.18148	   1.18101	   1
EUR/USD		20150109 6	1.17935	  1.18119       1.18029      1.17923	1.18115	   1.18024	   -1
EUR/USD		20150109 7	1.17853	  1.17998       1.17925      1.17848	1.17993	   1.17920	   -1
EUR/USD		20150109 8	1.17925	  1.18086       1.18030      1.1792	1.18082	   1.18026	   1
EUR/USD		20150109 9	1.17981	  1.18204       1.18104      1.17977	1.18203	   1.18100	   1
EUR/USD		20150109 10	1.18061	  1.18201       1.18143      1.18058	1.18197	   1.18139	   1
EUR/USD		20150109 11	1.18084	  1.18202       1.18142      1.18081	1.18199	   1.18138	   -1
EUR/USD		20150109 12	1.18093	  1.18183       1.18144      1.1809	1.1818	   1.18140	   1
EUR/USD		20150109 13	1.17625	  1.1833       1.17932      1.17622	1.18322	   1.17925	   -1
EUR/USD		20150109 14	1.1773	  1.17971       1.17832      1.17726	1.17967	   1.17828	   -1
EUR/USD		20150109 15	1.17838	  1.18386       1.18175      1.17833	1.18379	   1.18169	   1
EUR/USD		20150109 16	1.1823	  1.18451       1.18352      1.18224	1.18448	   1.18348	   1
EUR/USD		20150109 17	1.1829	  1.18443       1.18354      1.18285	1.18438	   1.18350	   1
EUR/USD		20150109 18	1.18311	  1.18434       1.18392      1.18298	1.18428	   1.18386	   1
EUR/USD		20150109 19	1.18317	  1.18466       1.18370      1.1831	1.18457	   1.18365	   -1
EUR/USD		20150109 20	1.18344	  1.18439       1.18411      1.18342	1.18436	   1.18408	   1
EUR/USD		20150109 21	1.18324	  1.18466       1.18404      1.18277	1.18443	   1.18395	   -1
EUR/USD		20150112 22	1.1852	  1.1939       1.18813      1.17454	1.18318	   1.18026	   -1
EUR/USD		20150112 0	1.18616	  1.18701       1.18663      1.18609	1.18696	   1.18657	   1
EUR/USD		20150112 1	1.18513	  1.18672       1.18612      1.18507	1.1867	   1.18606	   -1
EUR/USD		20150112 2	1.18471	  1.18589       1.18544      1.18464	1.18581	   1.18537	   -1
EUR/USD		20150112 3	1.18458	  1.18633       1.18570      1.18451	1.18626	   1.18563	   1
EUR/USD		20150112 4	1.18505	  1.18573       1.18540      1.18498	1.18567	   1.18534	   -1
EUR/USD		20150112 5	1.18522	  1.18632       1.18572      1.18516	1.18626	   1.18566	   1
EUR/USD		20150112 6	1.18565	  1.18713       1.18635      1.18559	1.18706	   1.18629	   1
EUR/USD		20150112 7	1.18504	  1.18593       1.18550      1.185	1.18584	   1.18545	   -1
EUR/USD		20150112 8	1.18105	  1.18545       1.18290      1.18099	1.18542	   1.18285	   -1
EUR/USD		20150112 9	1.18056	  1.18248       1.18156      1.18051	1.18244	   1.18152	   -1
EUR/USD		20150112 10	1.17928	  1.18157       1.18012      1.17921	1.1815	   1.18008	   -1
EUR/USD		20150112 11	1.17887	  1.18088       1.18002      1.1788	1.18082	   1.17998	   -1
EUR/USD		20150112 12	1.17866	  1.18047       1.17953      1.17861	1.18042	   1.17949	   -1
EUR/USD		20150112 13	1.17896	  1.18266       1.18107      1.17891	1.18261	   1.18103	   1
EUR/USD		20150112 14	1.18105	  1.18451       1.18267      1.181	1.18448	   1.18263	   1
EUR/USD		20150112 15	1.18164	  1.18435       1.18298      1.18161	1.18429	   1.18294	   1
EUR/USD		20150112 16	1.18094	  1.18326       1.18194      1.1809	1.18321	   1.18190	   -1
EUR/USD		20150112 17	1.18175	  1.18316       1.18240      1.18169	1.18311	   1.18235	   1
EUR/USD		20150112 18	1.18256	  1.18453       1.18377      1.18255	1.18447	   1.18372	   1
EUR/USD		20150112 19	1.18378	  1.18462       1.18425      1.18373	1.18457	   1.18420	   1
EUR/USD		20150112 20	1.18334	  1.18408       1.18381      1.18329	1.18402	   1.18376	   -1
EUR/USD		20150112 21	1.18332	  1.18377       1.18349      1.18324	1.18372	   1.18342	   -1
EUR/USD		20150112 22	1.18294	  1.18347       1.18327      1.18279	1.1834	   1.18316	   -1
EUR/USD		20150113 23	1.18276	  1.18325       1.18297      1.18265	1.18315	   1.18288	   -1
EUR/USD		20150113 0	1.18236	  1.18436       1.18334      1.18229	1.1843	   1.18328	   1
EUR/USD		20150113 1	1.18356	  1.18488       1.18432      1.18353	1.18481	   1.18426	   1
EUR/USD		20150113 2	1.18387	  1.18464       1.18432      1.18379	1.18458	   1.18426	   -1
EUR/USD		20150113 3	1.18455	  1.18603       1.18543      1.18451	1.18595	   1.18537	   1
EUR/USD		20150113 4	1.18326	  1.18485       1.18416      1.18325	1.18475	   1.18410	   -1
EUR/USD		20150113 5	1.18242	  1.18387       1.18295      1.18235	1.18383	   1.18288	   -1
EUR/USD		20150113 6	1.18201	  1.18357       1.18280      1.18196	1.18349	   1.18274	   -1
EUR/USD		20150113 7	1.18294	  1.18525       1.18430      1.18284	1.18519	   1.18425	   1
EUR/USD		20150113 8	1.18175	  1.18507       1.18317      1.18171	1.18503	   1.18312	   -1
EUR/USD		20150113 9	1.17944	  1.18266       1.18089      1.17934	1.18261	   1.18084	   -1
EUR/USD		20150113 10	1.17898	  1.18115       1.17988      1.17891	1.1811	   1.17984	   -1
EUR/USD		20150113 11	1.17869	  1.18106       1.17982      1.17862	1.18099	   1.17978	   -1
EUR/USD		20150113 12	1.1776	  1.17989       1.17892      1.17747	1.17983	   1.17886	   -1
EUR/USD		20150113 13	1.17673	  1.17941       1.17795      1.17669	1.17938	   1.17791	   -1
EUR/USD		20150113 14	1.17565	  1.17802       1.17667      1.1756	1.17797	   1.17663	   -1
EUR/USD		20150113 15	1.17533	  1.17962       1.17745      1.17526	1.17955	   1.17741	   1
EUR/USD		20150113 16	1.17719	  1.18002       1.17851      1.17715	1.17996	   1.17846	   1
EUR/USD		20150113 17	1.17736	  1.17966       1.17850      1.17731	1.17961	   1.17845	   -1
EUR/USD		20150113 18	1.17661	  1.17885       1.17745      1.17654	1.17878	   1.17738	   -1
EUR/USD		20150113 19	1.17611	  1.17811       1.17701      1.17604	1.17807	   1.17696	   -1
EUR/USD		20150113 20	1.1759	  1.17747       1.17693      1.17586	1.17741	   1.17687	   -1
EUR/USD		20150113 21	1.17709	  1.17783       1.17747      1.17702	1.17776	   1.17739	   1
EUR/USD		20150113 22	1.17715	  1.1779       1.17763      1.17689	1.1777	   1.17746	   1
EUR/USD		20150114 23	1.17761	  1.17804       1.17780      1.17756	1.17794	   1.17771	   1
EUR/USD		20150114 0	1.17709	  1.17828       1.17771      1.17701	1.1782	   1.17764	   -1
EUR/USD		20150114 1	1.17646	  1.17741       1.17694      1.1764	1.17733	   1.17688	   -1
EUR/USD		20150114 2	1.17681	  1.17805       1.17738      1.17674	1.17798	   1.17732	   1
EUR/USD		20150114 3	1.17738	  1.17797       1.17768      1.17733	1.17793	   1.17761	   1
EUR/USD		20150114 4	1.17741	  1.17874       1.17812      1.17734	1.17867	   1.17806	   1
EUR/USD		20150114 5	1.17855	  1.17954       1.17909      1.17854	1.17945	   1.17902	   1
EUR/USD		20150114 6	1.17855	  1.17957       1.17916      1.17848	1.17951	   1.17909	   1
EUR/USD		20150114 7	1.17812	  1.18092       1.17974      1.17803	1.18085	   1.17969	   1
EUR/USD		20150114 8	1.17743	  1.18116       1.17947      1.17733	1.18111	   1.17941	   -1
EUR/USD		20150114 9	1.17278	  1.17972       1.17577      1.17272	1.17966	   1.17571	   -1
EUR/USD		20150114 10	1.17394	  1.1762       1.17549      1.17389	1.17615	   1.17545	   -1
EUR/USD		20150114 11	1.17379	  1.17605       1.17477      1.17374	1.176	   1.17472	   -1
EUR/USD		20150114 12	1.17436	  1.17609       1.17529      1.17431	1.17603	   1.17525	   1
EUR/USD		20150114 13	1.17557	  1.18469       1.18081      1.17551	1.18461	   1.18075	   1
EUR/USD		20150114 14	1.17883	  1.18402       1.18112      1.17877	1.18397	   1.18107	   1
EUR/USD		20150114 15	1.17719	  1.17975       1.17855      1.17713	1.17969	   1.17850	   -1
EUR/USD		20150114 16	1.17864	  1.18116       1.17993      1.17864	1.1811	   1.17988	   1
EUR/USD		20150114 17	1.17851	  1.18141       1.17986      1.17845	1.18137	   1.17981	   -1
EUR/USD		20150114 18	1.17799	  1.17931       1.17856      1.17794	1.17924	   1.17851	   -1
EUR/USD		20150114 19	1.17754	  1.1786       1.17813      1.17748	1.17858	   1.17808	   -1
EUR/USD		20150114 20	1.17769	  1.17928       1.17859      1.17764	1.17923	   1.17853	   1
EUR/USD		20150114 21	1.17811	  1.17912       1.17866      1.17801	1.17906	   1.17858	   1
EUR/USD		20150114 22	1.1786	  1.17941       1.17903      1.17832	1.17925	   1.17888	   1
EUR/USD		20150115 23	1.1784	  1.17907       1.17877      1.17835	1.17893	   1.17867	   -1
EUR/USD		20150115 0	1.17735	  1.17915       1.17796      1.17728	1.17905	   1.17789	   -1
EUR/USD		20150115 1	1.1773	  1.17811       1.17763      1.17724	1.17804	   1.17756	   -1
EUR/USD		20150115 2	1.17742	  1.17826       1.17787      1.17735	1.17817	   1.17781	   1
EUR/USD		20150115 3	1.17794	  1.1788       1.17834      1.17787	1.17875	   1.17828	   1
EUR/USD		20150115 4	1.17743	  1.17855       1.17805      1.17737	1.17848	   1.17799	   -1
EUR/USD		20150115 5	1.17651	  1.17769       1.17700      1.17647	1.17762	   1.17694	   -1
EUR/USD		20150115 6	1.17602	  1.17729       1.17653      1.17599	1.17723	   1.17647	   -1
EUR/USD		20150115 7	1.17686	  1.17867       1.17780      1.17678	1.17861	   1.17775	   1
EUR/USD		20150115 8	1.17504	  1.17778       1.17653      1.17497	1.17773	   1.17648	   -1
EUR/USD		20150115 9	1.15909	  1.17662       1.17061      1.15484	1.17657	   1.16990	   -1
EUR/USD		20150115 10	1.16682	  1.17754       1.17157      1.1667	1.17731	   1.17134	   1
EUR/USD		20150115 11	1.16675	  1.17335       1.17031      1.16647	1.17323	   1.17018	   -1
EUR/USD		20150115 12	1.16811	  1.17496       1.17075      1.16781	1.1746	   1.17038	   1
EUR/USD		20150115 13	1.16914	  1.1743       1.17075      1.16872	1.17407	   1.17064	   1
EUR/USD		20150115 14	1.16181	  1.17044       1.16575      1.16175	1.17034	   1.16567	   -1
EUR/USD		20150115 15	1.15857	  1.16464       1.16215      1.15854	1.16452	   1.16207	   -1
EUR/USD		20150115 16	1.15683	  1.16104       1.15885      1.15673	1.16098	   1.15877	   -1
EUR/USD		20150115 17	1.1593	  1.16106       1.16024      1.15918	1.161	   1.16015	   1
EUR/USD		20150115 18	1.15991	  1.16365       1.16211      1.15979	1.16354	   1.16201	   1
EUR/USD		20150115 19	1.16034	  1.1622       1.16125      1.16024	1.16207	   1.16115	   -1
EUR/USD		20150115 20	1.16066	  1.16237       1.16164      1.16054	1.16226	   1.16154	   1
EUR/USD		20150115 21	1.16075	  1.16385       1.16232      1.16062	1.16351	   1.16213	   1
EUR/USD		20150115 22	1.16194	  1.16385       1.16289      1.1615	1.16348	   1.16248	   1
EUR/USD		20150116 23	1.1625	  1.16405       1.16353      1.1625	1.16387	   1.16328	   1
EUR/USD		20150116 0	1.16119	  1.16399       1.16252      1.16106	1.16384	   1.16240	   -1
EUR/USD		20150116 1	1.16008	  1.16303       1.16201      1.15996	1.16294	   1.16192	   -1
EUR/USD		20150116 2	1.16265	  1.164       1.16340      1.16262	1.16391	   1.16333	   1
EUR/USD		20150116 3	1.16319	  1.16473       1.16402      1.16314	1.1646	   1.16394	   1
EUR/USD		20150116 4	1.16308	  1.16417       1.16354      1.16299	1.1641	   1.16345	   -1
EUR/USD		20150116 5	1.16259	  1.16367       1.16312      1.16251	1.16356	   1.16304	   -1
EUR/USD		20150116 6	1.16219	  1.16433       1.16335      1.16212	1.16423	   1.16327	   1
EUR/USD		20150116 7	1.1624	  1.16493       1.16399      1.16238	1.16486	   1.16392	   1
EUR/USD		20150116 8	1.16125	  1.16465       1.16350      1.1612	1.16461	   1.16343	   -1
EUR/USD		20150116 9	1.16124	  1.1638       1.16260      1.16111	1.16371	   1.16252	   -1
EUR/USD		20150116 10	1.15955	  1.16351       1.16151      1.15945	1.16351	   1.16145	   -1
EUR/USD		20150116 11	1.15761	  1.16047       1.15897      1.15753	1.16041	   1.15892	   -1
EUR/USD		20150116 12	1.15807	  1.15976       1.15896      1.15801	1.1597	   1.15889	   -1
EUR/USD		20150116 13	1.15746	  1.16205       1.15910      1.15738	1.16088	   1.15903	   1
EUR/USD		20150116 14	1.15383	  1.15864       1.15566      1.15379	1.15858	   1.15560	   -1
EUR/USD		20150116 15	1.14605	  1.1556       1.15113      1.14596	1.15521	   1.15107	   -1
EUR/USD		20150116 16	1.14895	  1.15283       1.15105      1.14889	1.15278	   1.15099	   -1
EUR/USD		20150116 17	1.15121	  1.15487       1.15319      1.15112	1.15478	   1.15312	   1
EUR/USD		20150116 18	1.1532	  1.15673       1.15515      1.15313	1.15668	   1.15507	   1
EUR/USD		20150116 19	1.15335	  1.15861       1.15563      1.15324	1.15849	   1.15555	   1
EUR/USD		20150116 20	1.15632	  1.15899       1.15738      1.15622	1.15889	   1.15729	   1
EUR/USD		20150116 21	1.15547	  1.15774       1.15650      1.15522	1.15736	   1.15625	   -1
EUR/USD		20150119 22	1.15754	  1.16945       1.16619      1.14393	1.15561	   1.14730	   -1
EUR/USD		20150119 0	1.15537	  1.15666       1.15603      1.15528	1.15656	   1.15594	   1
EUR/USD		20150119 1	1.15585	  1.15747       1.15679      1.15576	1.15738	   1.15671	   1
EUR/USD		20150119 2	1.15563	  1.15748       1.15624      1.15558	1.15737	   1.15617	   -1
EUR/USD		20150119 3	1.15545	  1.15622       1.15583      1.15536	1.15615	   1.15576	   -1
EUR/USD		20150119 4	1.15549	  1.15626       1.15584      1.15544	1.15619	   1.15578	   1
EUR/USD		20150119 5	1.15535	  1.1563       1.15577      1.15529	1.15624	   1.15570	   -1
EUR/USD		20150119 6	1.15525	  1.15717       1.15603      1.15518	1.15708	   1.15596	   1
EUR/USD		20150119 7	1.15554	  1.15861       1.15724      1.15547	1.15856	   1.15718	   1
EUR/USD		20150119 8	1.15519	  1.15926       1.15737      1.15512	1.1592	   1.15732	   1
EUR/USD		20150119 9	1.15819	  1.16286       1.16065      1.15814	1.16283	   1.16060	   1
EUR/USD		20150119 10	1.159	  1.16161       1.16018      1.15895	1.16159	   1.16013	   -1
EUR/USD		20150119 11	1.15862	  1.16086       1.15962      1.15855	1.16081	   1.15957	   -1
EUR/USD		20150119 12	1.15859	  1.16116       1.16013      1.15852	1.16111	   1.16007	   1
EUR/USD		20150119 13	1.16005	  1.16236       1.16122      1.16004	1.16232	   1.16117	   1
EUR/USD		20150119 14	1.16007	  1.16268       1.16153      1.16	1.16262	   1.16148	   1
EUR/USD		20150119 15	1.16146	  1.16392       1.16289      1.1614	1.16387	   1.16284	   1
EUR/USD		20150119 16	1.1621	  1.16391       1.16294      1.16203	1.16386	   1.16288	   1
EUR/USD		20150119 17	1.16032	  1.16301       1.16201      1.16025	1.16293	   1.16193	   -1
EUR/USD		20150119 18	1.16038	  1.16174       1.16120      1.16025	1.16165	   1.16109	   -1
EUR/USD		20150119 19	1.16022	  1.16174       1.16114      1.1601	1.16153	   1.16101	   -1
EUR/USD		20150119 20	1.16021	  1.16106       1.16064      1.16011	1.16095	   1.16051	   -1
EUR/USD		20150119 21	1.16055	  1.16122       1.16084      1.1602	1.161	   1.16066	   1
EUR/USD		20150119 22	1.16035	  1.16093       1.16068      1.16035	1.16083	   1.16048	   -1
EUR/USD		20150120 23	1.15915	  1.16073       1.15996      1.15907	1.16061	   1.15986	   -1
EUR/USD		20150120 0	1.15835	  1.16021       1.15935      1.15823	1.16012	   1.15927	   -1
EUR/USD		20150120 1	1.1573	  1.15896       1.15810      1.15725	1.1589	   1.15803	   -1
EUR/USD		20150120 2	1.15808	  1.15901       1.15863      1.158	1.15894	   1.15856	   1
EUR/USD		20150120 3	1.15767	  1.15863       1.15813      1.15757	1.15852	   1.15806	   -1
EUR/USD		20150120 4	1.15751	  1.15835       1.15791      1.15744	1.15827	   1.15784	   -1
EUR/USD		20150120 5	1.15755	  1.15865       1.15796      1.15751	1.15859	   1.15789	   1
EUR/USD		20150120 6	1.15687	  1.15845       1.15753      1.15679	1.15845	   1.15747	   -1
EUR/USD		20150120 7	1.15688	  1.15935       1.15839      1.1568	1.1593	   1.15833	   1
EUR/USD		20150120 8	1.15723	  1.15929       1.15828      1.15718	1.15926	   1.15823	   -1
EUR/USD		20150120 9	1.15774	  1.16125       1.15917      1.15769	1.1609	   1.15912	   1
EUR/USD		20150120 10	1.15872	  1.16158       1.16029      1.15866	1.16147	   1.16023	   1
EUR/USD		20150120 11	1.15696	  1.16067       1.15860      1.1569	1.16061	   1.15855	   -1
EUR/USD		20150120 12	1.15748	  1.1595       1.15863      1.15739	1.15942	   1.15856	   1
EUR/USD		20150120 13	1.15777	  1.1606       1.15918      1.15772	1.16053	   1.15912	   1
EUR/USD		20150120 14	1.15785	  1.16042       1.15884      1.15781	1.16039	   1.15879	   -1
EUR/USD		20150120 15	1.15709	  1.15907       1.15814      1.15704	1.15899	   1.15809	   -1
EUR/USD		20150120 16	1.15556	  1.15847       1.15696      1.15551	1.15842	   1.15690	   -1
EUR/USD		20150120 17	1.15442	  1.15682       1.15563      1.15434	1.15674	   1.15557	   -1
EUR/USD		20150120 18	1.15417	  1.15563       1.15490      1.1541	1.15554	   1.15483	   -1
EUR/USD		20150120 19	1.15408	  1.15542       1.15484      1.154	1.15534	   1.15477	   -1
EUR/USD		20150120 20	1.15466	  1.15534       1.15495      1.15459	1.15528	   1.15489	   1
EUR/USD		20150120 21	1.15494	  1.15579       1.15534      1.15478	1.15571	   1.15524	   1
EUR/USD		20150120 22	1.15532	  1.15569       1.15552      1.15502	1.15552	   1.15538	   1
EUR/USD		20150121 23	1.15431	  1.15577       1.15521      1.15421	1.15565	   1.15512	   -1
EUR/USD		20150121 0	1.15419	  1.15585       1.15506      1.1541	1.15574	   1.15499	   -1
EUR/USD		20150121 1	1.15513	  1.15654       1.15603      1.15506	1.15648	   1.15596	   1
EUR/USD		20150121 2	1.15591	  1.15689       1.15644      1.15582	1.15678	   1.15637	   1
EUR/USD		20150121 3	1.15637	  1.15739       1.15686      1.15627	1.15727	   1.15678	   1
EUR/USD		20150121 4	1.1563	  1.1576       1.15694      1.15623	1.15751	   1.15686	   1
EUR/USD		20150121 5	1.15616	  1.15764       1.15680      1.15608	1.15754	   1.15672	   -1
EUR/USD		20150121 6	1.15746	  1.1589       1.15826      1.15742	1.15882	   1.15819	   1
EUR/USD		20150121 7	1.15544	  1.15852       1.15682      1.15535	1.15845	   1.15675	   -1
EUR/USD		20150121 8	1.15473	  1.15767       1.15629      1.15467	1.1576	   1.15624	   -1
EUR/USD		20150121 9	1.15649	  1.15864       1.15739      1.15643	1.15856	   1.15734	   1
EUR/USD		20150121 10	1.15653	  1.15834       1.15733      1.15648	1.15827	   1.15727	   -1
EUR/USD		20150121 11	1.15667	  1.15844       1.15756      1.15662	1.15837	   1.15750	   1
EUR/USD		20150121 12	1.15715	  1.1594       1.15800      1.15708	1.15932	   1.15794	   1
EUR/USD		20150121 13	1.15874	  1.16373       1.16055      1.1587	1.16368	   1.16050	   1
EUR/USD		20150121 14	1.15652	  1.16816       1.16226      1.15645	1.16798	   1.16219	   1
EUR/USD		20150121 15	1.15813	  1.16605       1.16192      1.15808	1.16593	   1.16185	   -1
EUR/USD		20150121 16	1.15814	  1.1614       1.15962      1.15803	1.16134	   1.15955	   -1
EUR/USD		20150121 17	1.15663	  1.15851       1.15741      1.15656	1.15845	   1.15734	   -1
EUR/USD		20150121 18	1.15628	  1.1578       1.15712      1.15613	1.1577	   1.15703	   -1
EUR/USD		20150121 19	1.15739	  1.15967       1.15875      1.15733	1.15958	   1.15868	   1
EUR/USD		20150121 20	1.15799	  1.15913       1.15854      1.15791	1.15911	   1.15848	   -1
EUR/USD		20150121 21	1.1588	  1.16125       1.16016      1.15872	1.16111	   1.16007	   1
EUR/USD		20150121 22	1.16089	  1.16185       1.16148      1.1608	1.16167	   1.16134	   1
EUR/USD		20150122 23	1.1608	  1.16301       1.16186      1.16063	1.16291	   1.16175	   1
EUR/USD		20150122 0	1.15915	  1.16173       1.16002      1.15904	1.16163	   1.15993	   -1
EUR/USD		20150122 1	1.15989	  1.16201       1.16086      1.15977	1.16186	   1.16076	   1
EUR/USD		20150122 2	1.15972	  1.16059       1.16013      1.15963	1.16052	   1.16005	   -1
EUR/USD		20150122 3	1.15985	  1.16082       1.16031      1.15975	1.16075	   1.16022	   1
EUR/USD		20150122 4	1.15992	  1.161       1.16049      1.15982	1.16092	   1.16041	   1
EUR/USD		20150122 5	1.15893	  1.16019       1.15941      1.15885	1.16009	   1.15934	   -1
EUR/USD		20150122 6	1.15785	  1.15913       1.15850      1.1578	1.1591	   1.15844	   -1
EUR/USD		20150122 7	1.15758	  1.15946       1.15850      1.15753	1.15941	   1.15844	   1
EUR/USD		20150122 8	1.15778	  1.16178       1.15987      1.15776	1.16171	   1.15981	   1
EUR/USD		20150122 9	1.16024	  1.16301       1.16165      1.16019	1.16292	   1.16157	   1
EUR/USD		20150122 10	1.16071	  1.16395       1.16208      1.16064	1.16389	   1.16202	   1
EUR/USD		20150122 11	1.16183	  1.16448       1.16279      1.16175	1.1644	   1.16273	   1
EUR/USD		20150122 12	1.15954	  1.16612       1.16309      1.15818	1.16517	   1.16291	   1
EUR/USD		20150122 13	1.15143	  1.16413       1.15741      1.15108	1.1636	   1.15721	   -1
EUR/USD		20150122 14	1.14531	  1.1567       1.14906      1.14525	1.15658	   1.14897	   -1
EUR/USD		20150122 15	1.14138	  1.14916       1.14573      1.14133	1.14909	   1.14567	   -1
EUR/USD		20150122 16	1.14044	  1.14325       1.14190      1.14038	1.14318	   1.14184	   -1
EUR/USD		20150122 17	1.1377	  1.14158       1.14026      1.13763	1.14152	   1.14020	   -1
EUR/USD		20150122 18	1.13634	  1.13854       1.13751      1.13628	1.13844	   1.13744	   -1
EUR/USD		20150122 19	1.13699	  1.1393       1.13824      1.13693	1.13918	   1.13816	   1
EUR/USD		20150122 20	1.13526	  1.13827       1.13670      1.13518	1.13821	   1.13663	   -1
EUR/USD		20150122 21	1.1317	  1.13679       1.13426      1.13156	1.13664	   1.13415	   -1
EUR/USD		20150122 22	1.13564	  1.13713       1.13619      1.13499	1.137	   1.13603	   1
EUR/USD		20150123 23	1.13434	  1.13752       1.13617      1.1342	1.13728	   1.13605	   1
EUR/USD		20150123 0	1.13398	  1.13694       1.13561      1.13388	1.13683	   1.13552	   -1
EUR/USD		20150123 1	1.13598	  1.13749       1.13671      1.1359	1.13737	   1.13664	   1
EUR/USD		20150123 2	1.13608	  1.137       1.13648      1.136	1.13692	   1.13641	   -1
EUR/USD		20150123 3	1.13617	  1.13678       1.13647      1.13608	1.13671	   1.13640	   -1
EUR/USD		20150123 4	1.13418	  1.13668       1.13555      1.13411	1.1366	   1.13548	   -1
EUR/USD		20150123 5	1.1315	  1.13479       1.13278      1.13143	1.1347	   1.13270	   -1
EUR/USD		20150123 6	1.13175	  1.13431       1.13286      1.13166	1.13422	   1.13277	   1
EUR/USD		20150123 7	1.13297	  1.13507       1.13415      1.13289	1.13489	   1.13408	   1
EUR/USD		20150123 8	1.12587	  1.13566       1.13174      1.12578	1.13562	   1.13167	   -1
EUR/USD		20150123 9	1.12314	  1.12909       1.12645      1.12305	1.12902	   1.12638	   -1
EUR/USD		20150123 10	1.12198	  1.12461       1.12345      1.12187	1.12455	   1.12339	   -1
EUR/USD		20150123 11	1.11708	  1.12481       1.12210      1.1169	1.12474	   1.12203	   -1
EUR/USD		20150123 12	1.11149	  1.11991       1.11648      1.11138	1.11984	   1.11639	   -1
EUR/USD		20150123 13	1.11662	  1.12372       1.12022      1.11654	1.12361	   1.12014	   1
EUR/USD		20150123 14	1.12108	  1.12621       1.12358      1.12101	1.12609	   1.12350	   1
EUR/USD		20150123 15	1.12337	  1.12897       1.12629      1.12328	1.12888	   1.12620	   1
EUR/USD		20150123 16	1.12457	  1.1288       1.12715      1.12457	1.12873	   1.12707	   1
EUR/USD		20150123 17	1.1253	  1.12842       1.12679      1.1252	1.1283	   1.12670	   -1
EUR/USD		20150123 18	1.12185	  1.12583       1.12383      1.12177	1.12575	   1.12376	   -1
EUR/USD		20150123 19	1.12189	  1.12472       1.12376      1.12187	1.12462	   1.12368	   -1
EUR/USD		20150123 20	1.12083	  1.12486       1.12274      1.12072	1.12477	   1.12264	   -1
EUR/USD		20150123 21	1.12053	  1.12358       1.12161      1.12004	1.12347	   1.12147	   -1
EUR/USD		20150126 22	1.12321	  1.12903       1.12710      1.112	1.11731	   1.11371	   -1
EUR/USD		20150126 0	1.1139	  1.12035       1.11726      1.11374	1.1201	   1.11708	   1
EUR/USD		20150126 1	1.1164	  1.11912       1.11775      1.11625	1.11899	   1.11763	   1
EUR/USD		20150126 2	1.11522	  1.11749       1.11651      1.11512	1.11736	   1.11640	   -1
EUR/USD		20150126 3	1.11553	  1.1179       1.11687      1.1154	1.11777	   1.11678	   1
EUR/USD		20150126 4	1.11718	  1.11832       1.11768      1.11707	1.11824	   1.11759	   1
EUR/USD		20150126 5	1.1173	  1.11956       1.11850      1.11725	1.11945	   1.11839	   1
EUR/USD		20150126 6	1.11863	  1.1219       1.12009      1.11851	1.12179	   1.11998	   1
EUR/USD		20150126 7	1.11953	  1.12432       1.12139      1.11945	1.12424	   1.12132	   1
EUR/USD		20150126 8	1.12155	  1.12503       1.12329      1.12149	1.12494	   1.12322	   1
EUR/USD		20150126 9	1.12246	  1.12633       1.12479      1.12238	1.12616	   1.12471	   1
EUR/USD		20150126 10	1.12271	  1.12539       1.12390      1.12264	1.12532	   1.12383	   -1
EUR/USD		20150126 11	1.12245	  1.12495       1.12363      1.12239	1.12488	   1.12357	   -1
EUR/USD		20150126 12	1.1222	  1.12481       1.12325      1.12212	1.12476	   1.12319	   -1
EUR/USD		20150126 13	1.12377	  1.12772       1.12596      1.12373	1.12768	   1.12590	   1
EUR/USD		20150126 14	1.12504	  1.12753       1.12619      1.12499	1.12746	   1.12613	   1
EUR/USD		20150126 15	1.12515	  1.12855       1.12696      1.1251	1.1285	   1.12691	   1
EUR/USD		20150126 16	1.12559	  1.12915       1.12763      1.12554	1.12908	   1.12757	   1
EUR/USD		20150126 17	1.12651	  1.1296       1.12787      1.12646	1.12951	   1.12780	   1
EUR/USD		20150126 18	1.12701	  1.12835       1.12767      1.12695	1.12825	   1.12760	   -1
EUR/USD		20150126 19	1.1266	  1.12773       1.12715      1.12654	1.12765	   1.12708	   -1
EUR/USD		20150126 20	1.12594	  1.12696       1.12649      1.12585	1.1269	   1.12643	   -1
EUR/USD		20150126 21	1.12329	  1.1264       1.12433      1.12321	1.12638	   1.12423	   -1
EUR/USD		20150126 22	1.12353	  1.12483       1.12424      1.12332	1.12459	   1.12400	   -1
EUR/USD		20150127 23	1.12334	  1.12508       1.12425      1.1232	1.12497	   1.12414	   1
EUR/USD		20150127 0	1.12325	  1.12511       1.12407      1.12317	1.12503	   1.12399	   -1
EUR/USD		20150127 1	1.12346	  1.12587       1.12458      1.12336	1.12578	   1.12451	   1
EUR/USD		20150127 2	1.12388	  1.12551       1.12483      1.12377	1.12543	   1.12475	   1
EUR/USD		20150127 3	1.12367	  1.12462       1.12416      1.12359	1.12454	   1.12409	   -1
EUR/USD		20150127 4	1.1237	  1.12489       1.12438      1.12367	1.12481	   1.12431	   1
EUR/USD		20150127 5	1.12364	  1.12469       1.12408      1.12356	1.1246	   1.12401	   -1
EUR/USD		20150127 6	1.12243	  1.1248       1.12347      1.12235	1.1247	   1.12340	   -1
EUR/USD		20150127 7	1.12379	  1.12547       1.12474      1.12369	1.12541	   1.12469	   1
EUR/USD		20150127 8	1.12418	  1.1346       1.12947      1.12413	1.13453	   1.12940	   1
EUR/USD		20150127 9	1.13057	  1.1341       1.13179      1.13052	1.13399	   1.13173	   1
EUR/USD		20150127 10	1.12751	  1.13185       1.12966      1.12744	1.13179	   1.12960	   -1
EUR/USD		20150127 11	1.12615	  1.12863       1.12753      1.12609	1.12857	   1.12747	   -1
EUR/USD		20150127 12	1.12745	  1.13042       1.12894      1.12739	1.13034	   1.12886	   1
EUR/USD		20150127 13	1.12992	  1.13399       1.13210      1.12991	1.13392	   1.13203	   1
EUR/USD		20150127 14	1.13337	  1.13888       1.13672      1.13333	1.1388	   1.13666	   1
EUR/USD		20150127 15	1.13529	  1.1423       1.13849      1.13522	1.14223	   1.13841	   1
EUR/USD		20150127 16	1.13581	  1.14045       1.13806      1.13574	1.14038	   1.13800	   -1
EUR/USD		20150127 17	1.13341	  1.13752       1.13541      1.13326	1.13746	   1.13534	   -1
EUR/USD		20150127 18	1.13414	  1.13655       1.13564      1.13404	1.13646	   1.13556	   1
EUR/USD		20150127 19	1.1358	  1.13783       1.13665      1.13566	1.13773	   1.13658	   1
EUR/USD		20150127 20	1.13668	  1.13835       1.13719      1.1366	1.13794	   1.13711	   1
EUR/USD		20150127 21	1.13713	  1.13838       1.13782      1.13706	1.1382	   1.13771	   1
EUR/USD		20150127 22	1.13716	  1.13842       1.13777      1.13697	1.13821	   1.13755	   -1
EUR/USD		20150128 23	1.13616	  1.13725       1.13668      1.13601	1.13714	   1.13657	   -1
EUR/USD		20150128 0	1.13472	  1.13689       1.13578      1.13455	1.13673	   1.13568	   -1
EUR/USD		20150128 1	1.13313	  1.13563       1.13398      1.13303	1.13558	   1.13390	   -1
EUR/USD		20150128 2	1.13311	  1.13406       1.13352      1.13304	1.13399	   1.13344	   -1
EUR/USD		20150128 3	1.13349	  1.13441       1.13400      1.13344	1.13434	   1.13392	   1
EUR/USD		20150128 4	1.13329	  1.13425       1.13371      1.13324	1.13419	   1.13363	   -1
EUR/USD		20150128 5	1.13344	  1.13648       1.13452      1.13334	1.13637	   1.13445	   1
EUR/USD		20150128 6	1.13541	  1.13831       1.13697      1.13532	1.13822	   1.13689	   1
EUR/USD		20150128 7	1.1338	  1.13738       1.13577      1.13371	1.1373	   1.13571	   -1
EUR/USD		20150128 8	1.13269	  1.13586       1.13424      1.13259	1.13576	   1.13418	   -1
EUR/USD		20150128 9	1.13346	  1.13674       1.13484      1.13339	1.13666	   1.13478	   1
EUR/USD		20150128 10	1.13495	  1.13815       1.13670      1.13486	1.13808	   1.13664	   1
EUR/USD		20150128 11	1.13513	  1.13698       1.13628      1.13506	1.13689	   1.13622	   -1
EUR/USD		20150128 12	1.13511	  1.13669       1.13598      1.13504	1.13661	   1.13592	   -1
EUR/USD		20150128 13	1.13411	  1.13551       1.13480      1.13404	1.13544	   1.13474	   -1
EUR/USD		20150128 14	1.13073	  1.13534       1.13326      1.13067	1.13527	   1.13321	   -1
EUR/USD		20150128 15	1.13074	  1.1343       1.13210      1.13068	1.13422	   1.13205	   -1
EUR/USD		20150128 16	1.13323	  1.13502       1.13403      1.13315	1.13498	   1.13397	   1
EUR/USD		20150128 17	1.13404	  1.13631       1.13540      1.13404	1.13625	   1.13534	   1
EUR/USD		20150128 18	1.13323	  1.13574       1.13429      1.13187	1.13564	   1.13419	   -1
EUR/USD		20150128 19	1.13062	  1.13712       1.13361      1.13056	1.13693	   1.13347	   -1
EUR/USD		20150128 20	1.12828	  1.13158       1.12973      1.12817	1.13152	   1.12965	   -1
EUR/USD		20150128 21	1.12762	  1.12948       1.12854      1.12759	1.12941	   1.12845	   -1
EUR/USD		20150128 22	1.1273	  1.12881       1.12793      1.12718	1.12863	   1.12776	   -1
EUR/USD		20150129 23	1.1277	  1.1291       1.12844      1.12762	1.12899	   1.12834	   1
EUR/USD		20150129 0	1.12821	  1.12968       1.12901      1.12809	1.12959	   1.12893	   1
EUR/USD		20150129 1	1.1282	  1.12926       1.12878      1.12814	1.1292	   1.12871	   -1
EUR/USD		20150129 2	1.1283	  1.12944       1.12882      1.12823	1.12936	   1.12876	   1
EUR/USD		20150129 3	1.12743	  1.12861       1.12800      1.12735	1.12854	   1.12793	   -1
EUR/USD		20150129 4	1.12657	  1.12774       1.12706      1.1265	1.12765	   1.12699	   -1
EUR/USD		20150129 5	1.12624	  1.12759       1.12694      1.12614	1.12753	   1.12687	   -1
EUR/USD		20150129 6	1.12709	  1.12896       1.12808      1.12702	1.12886	   1.12801	   1
EUR/USD		20150129 7	1.12798	  1.13053       1.12937      1.12792	1.13046	   1.12931	   1
EUR/USD		20150129 8	1.12655	  1.12993       1.12816      1.12645	1.12987	   1.12811	   -1
EUR/USD		20150129 9	1.12866	  1.13198       1.13029      1.12856	1.13189	   1.13021	   1
EUR/USD		20150129 10	1.12906	  1.13166       1.13031      1.129	1.13164	   1.13026	   1
EUR/USD		20150129 11	1.1295	  1.13279       1.13125      1.12944	1.13273	   1.13120	   1
EUR/USD		20150129 12	1.12933	  1.13233       1.13086      1.12925	1.13227	   1.13081	   -1
EUR/USD		20150129 13	1.12944	  1.13268       1.13119      1.12938	1.1326	   1.13113	   1
EUR/USD		20150129 14	1.13209	  1.13495       1.13360      1.13205	1.13491	   1.13355	   1
EUR/USD		20150129 15	1.13253	  1.13682       1.13473      1.13246	1.13677	   1.13468	   1
EUR/USD		20150129 16	1.12968	  1.13411       1.13166      1.12963	1.13404	   1.13160	   -1
EUR/USD		20150129 17	1.12789	  1.13106       1.12914      1.12784	1.13099	   1.12909	   -1
EUR/USD		20150129 18	1.12951	  1.13164       1.13070      1.12945	1.13155	   1.13063	   1
EUR/USD		20150129 19	1.13058	  1.13159       1.13114      1.13051	1.13151	   1.13107	   1
EUR/USD		20150129 20	1.13075	  1.13274       1.13172      1.1307	1.13267	   1.13165	   1
EUR/USD		20150129 21	1.13178	  1.13254       1.13214      1.13169	1.13249	   1.13204	   1
EUR/USD		20150129 22	1.13181	  1.13299       1.13244      1.13163	1.13285	   1.13231	   1
EUR/USD		20150130 23	1.13261	  1.13377       1.13305      1.13249	1.1337	   1.13295	   1
EUR/USD		20150130 0	1.13206	  1.13383       1.13275      1.13188	1.1337	   1.13266	   -1
EUR/USD		20150130 1	1.13264	  1.13351       1.13314      1.13258	1.13345	   1.13306	   1
EUR/USD		20150130 2	1.13255	  1.13359       1.13313      1.13246	1.13352	   1.13306	   -1
EUR/USD		20150130 3	1.1322	  1.1334       1.13275      1.13213	1.1333	   1.13267	   -1
EUR/USD		20150130 4	1.13221	  1.13289       1.13257      1.13213	1.13282	   1.13249	   -1
EUR/USD		20150130 5	1.1328	  1.13397       1.13356      1.13271	1.1339	   1.13351	   1
EUR/USD		20150130 6	1.13305	  1.13449       1.13392      1.13296	1.13444	   1.13385	   1
EUR/USD		20150130 7	1.13213	  1.13409       1.13321      1.13207	1.134	   1.13316	   -1
EUR/USD		20150130 8	1.13255	  1.13533       1.13411      1.13249	1.13526	   1.13406	   1
EUR/USD		20150130 9	1.13046	  1.13458       1.13233      1.13041	1.13452	   1.13228	   -1
EUR/USD		20150130 10	1.1314	  1.13572       1.13322      1.13057	1.13565	   1.13315	   1
EUR/USD		20150130 11	1.13352	  1.1364       1.13530      1.13344	1.13633	   1.13525	   1
EUR/USD		20150130 12	1.13014	  1.13499       1.13286      1.13003	1.13492	   1.13281	   -1
EUR/USD		20150130 13	1.12925	  1.13398       1.13194      1.12918	1.13393	   1.13186	   -1
EUR/USD		20150130 14	1.12988	  1.13266       1.13122      1.12968	1.13257	   1.13116	   -1
EUR/USD		20150130 15	1.12812	  1.13242       1.13028      1.12802	1.13235	   1.13022	   -1
EUR/USD		20150130 16	1.1279	  1.13045       1.12924      1.12783	1.13037	   1.12918	   -1
EUR/USD		20150130 17	1.12826	  1.13069       1.12954      1.12819	1.1306	   1.12946	   1
EUR/USD		20150130 18	1.12821	  1.12991       1.12918      1.12814	1.12981	   1.12910	   -1
EUR/USD		20150130 19	1.12831	  1.13021       1.12935      1.12824	1.13009	   1.12926	   1
EUR/USD		20150130 20	1.12917	  1.13162       1.12994      1.12912	1.13153	   1.12986	   1
EUR/USD		20150130 21	1.12797	  1.13001       1.12884      1.12773	1.12998	   1.12866	   -1
EUR/USD		20150130 22	1.12971	  1.13654       1.13525      1.1211	1.12801	   1.12245	   -1
